候选点 24 个; 固定初始点 index=0; 重复 30 次
rep         |S|(m)        Ŝ=原点     Ŝ=S(理想)     Δ理想-可执行      S偏500m
1            206.9        48.1       102.0       +54.0        20.1
2            112.3       187.6       229.8       +42.1       240.9
3            147.1       232.2       183.4       -48.9       247.0
4            233.1        79.0        68.9       -10.1       132.4
5             91.1       404.9       206.6      -198.3       217.6
6            179.1       517.7       286.6      -231.1       491.1
7            201.7       111.5       148.2       +36.7        78.7
8            241.7       165.3       141.7       -23.6       153.7
9            240.9       429.4       467.0       +37.6       139.7
10           241.5       264.1       172.4       -91.8       456.3
11           221.5       159.0       323.6      +164.5        56.6
12            20.8        21.8       117.1       +95.4        69.8
13            71.0       415.6       330.5       -85.1       319.4
14            93.4       250.7       117.8      -132.8       195.3
15           211.8       377.6       135.1      -242.5        69.7
16           150.7       421.9       626.1      +204.2       269.2
17           169.5       714.1       108.4      -605.7       880.9
18           219.9       457.8       142.6      -315.2       118.2
19            93.9       107.1        80.6       -26.4       180.9
20           223.7       340.8       348.8        +7.9       561.1
21           158.3       215.5       717.5      +502.0       502.9
22           183.3        80.8       213.8      +133.1       147.2
23            89.6       212.1       196.2       -15.9       163.9
24           223.4       304.2       309.0        +4.8        98.4
25           121.5       226.4        75.9      -150.4        87.4
26           212.1       679.6       180.4      -499.2       140.6
27            18.3       285.7       356.7       +71.1       176.1
28           176.8       469.2        31.9      -437.4       408.9
29           238.2       178.0        96.6       -81.4       287.5
30            20.2        35.9        45.5        +9.6        53.7

汇总(面积均值 m²):
  可执行口径(Ŝ=原点)        : 279.8
  理想化口径(Ŝ=S, 不可执行) : 218.7
  理想化收益                : -61.1 m²  (配对 95% CI [-528.4, +286.1])
  真值再偏 500 m 后的面积   : 232.2 (相对可执行口径 -17.0%)

结论: 选点不使用真值(无泄漏), 但依赖『未来观测指向 Ŝ』的假设; 上表第二行是该假设完全成立时的上界, 第三行是假设被破坏时的代价。
